56
0.009846918872387762 0.0026681269037917552 0.006897336032902569 0.00008373306824482295 0.03654360895055154 0.004409412905393871 0.0000036653004922687428 0.0015544633280851373 0.0000006992074550345457 0.000007250366836343177 0.004186797317649374 0.0019100810304746097 0.018169654055326213 0.00005628616353827158 0.0019323233559896875 0.0031384609826897287 0.0000000000000000000000000000000000000000000002905953517711404 0.02022533718447616 0.01988355575674089 0.00036602582179431453 0.0000000000655841602232667 0.000002811632773821062 0.0010112283454061421 0.0028241388807856488 0.0017180002723549811 0.00014774797351684948 0.006512309134672229 0.012271703653890445 0.000000000004681897139951302 0.0668009838841072 0.0003490445212298626 0.0000000000000000000000000000000000000000000011633894906601475 0.000000011515730773683349 0.0022319141267697954 0.000000000000059930249286866 0.0000003818103293173396 0.0003912807365297616 0.0000019687858664588673 0.00000028155071863753283 0.0005031398490677278 0.00000000014810659213258794 0.003897804231336818 0.0011081328080780862 0.029807238824070926 0.0000005687728026854702 0.0000005702540509907396 0.0934693023090155 0.27425859923475504 0.017367156176262524 0.0001962057488245084 0.004635751560922031 0.00005637580847896608 0.0005822868303942035 0.004831364659672712 0.0000000000000000000000000000000000011344663720047137 0.0013986286226398198
151 90 159 114 90 90 181 181 149 178 90 174 90 121 90 90 146 127 90 150 105 183 90 175 151 163 83 90 122 90 91 124 102 181 49 90 152 182 90 110 125 102 163 90 90 120 90 90 90 50 90 181 164 180 167 105
0.0 0.586613864429754 0.6053819556067112 0.9266765017215961 0.9167292740953956 0.6116134685316463 0.9773236318201148 0.9985801316665823 1.2268612616231858 0.9402336178835276 0.5913755831351603 0.4629414712989357 0.6319639060188499 1.7863786923870622 1.164828480300622 1.0040722867526988 1.7659763646949405 0.4807786798785984 0.49957619603691455 0.7843472424832487 1.3051019221327749 1.178543890773415 1.18961859729276 0.6741448933494968 0.6471346134956888 0.6199589151121051 1.1460552687517829 0.6249216637166236 1.0874709077518403 1.0816784185475066 1.3233407504346886 1.3296367490023435 1.3424704144190478 0.6180480395948326 1.214676303595507 1.1303819840001281 1.0390428387035624 0.8799300310275427 1.0136465551872482 0.7825730346965097 1.3801200860104073 1.045052183488478 0.5575787416902477 0.7915999117447862 0.8189678514288911 0.8114999781507747 0.92928138334159 0.8843452986868516 0.8460940561521664 0.8132469007411695 0.7216121627709312 0.763462759474492 0.7236491413628772 0.7185710972562892 1.4418390317190162 1.523811907410748
0.586613864429754 0.0 0.7229475558637927 1.0889682789825192 0.8124989837412492 0.7498258437743857 0.831616811549709 0.9107946614121593 1.2836683514041156 1.0109780045989893 0.5020656144934436 0.6709966235389752 0.49733855167796887 1.6900185120548417 0.964817010408366 0.9777515989380401 1.6973503436903927 0.5002493800881335 0.4647107616007398 0.7029389118640605 1.433133116514801 1.1343487670888996 1.2919223462733207 0.8557717495335248 0.7459766389524988 0.69088917768649 0.979606485862955 0.5273413610415802 1.1427445954816369 0.9603738791154303 1.3559048019640703 1.310935307601125 1.2676412208807397 0.7083828252089073 1.1206163844536856 1.2816527718238533 0.9980104132575848 0.9567177733582772 1.1367358540979744 0.9052503933314598 1.286719080300459 1.0428188773083833 0.7147773633457087 0.6599502083047876 0.8488735343248337 0.9274751138175414 0.8278885772088629 0.7297813796185967 0.7662843824321635 0.9513374800871939 0.6057630379707022 0.8260819470447205 0.8026781273585182 0.7267879335764538 1.4899979643968462 1.435125703071707
0.6053819556067112 0.7229475558637927 0.0 1.056981586995773 1.1186857120262612 0.87370163612141 0.913190793057024 1.0380239712574335 1.228344970773696 1.0562925897697821 0.5648464937965407 0.5161008801225809 0.8362897818630212 1.998110518290901 1.4022849819479437 1.2933967253576868 1.616276489041033 0.36718095571973236 0.6647103031719815 0.9222019887922924 1.3477050233988552 0.8326792296348108 1.375281002634893 0.7641256618081552 0.6895225693861047 0.6693322258099343 1.3998028715415773 0.8317679171775503 1.1331356268048998 1.3574862062328623 1.442459608988682 1.5612214191161276 1.1275016783376746 0.424603492195309 1.4387733626923218 1.0084324800884648 0.663658096451068 0.7843570228583278 0.9211507972765695 1.0903484890858646 1.6041094648998018 1.365852603136678 0.7916312248879701 1.0503758157661893 1.0435064441008943 0.8570082544463495 1.2243955241611606 1.1518452205489274 1.0606160761699996 1.096266917658674 1.001413018878453 0.7382549550821041 0.750149034073433 0.3109433797740834 1.5753536243793587 1.6948197913191112
0.9266765017215961 1.0889682789825192 1.056981586995773 0.0 1.440046702066371 1.2110625242625297 1.4121297511231519 1.246213400468063 1.4904702371535812 1.3362302809158173 1.1684357778707006 0.9457783075831604 1.2136032398237027 2.150380076920975 1.614164573323357 1.4877975892797604 1.964529205687714 1.077060289532777 1.1400415183774806 1.183972100109386 1.3135624951144989 1.3559037576465374 1.6321956071500745 1.0755055918527383 1.2499506910689744 1.2741293545966588 1.6309752131789064 1.2222687845198708 1.4737282653189494 1.648239422044164 1.8140292612011055 1.979109648301478 1.4690085469836829 1.0003485503674316 1.6632085723390317 1.1858541225631423 1.382555001919755 1.2236372923135743 1.4306903927824497 1.277445243241748 1.7718009561228694 1.6335321210105342 1.147659544919053 1.3409845064073609 1.2276329306664704 1.4606880891817908 1.490728132308735 1.4543413726760719 1.4692077102017225 1.4194697424169331 1.2350736236984736 1.2380717853025043 1.142646280473111 1.1177166617495577 1.7455300054711176 1.8887179456317011
0.9167292740953956 0.8124989837412492 1.1186857120262612 1.440046702066371 0.0 0.8974180157069557 1.2780382513818453 1.2780497374974074 1.5198434578671667 1.2360795128079225 0.8981542201612509 1.0147675070395892 0.6981144185195781 1.6796046170208827 0.9958187449585206 0.9438615659340002 1.9652192694097788 0.8994587401638136 0.7712838752201056 0.9778200987295884 1.6578451113488075 1.5791411516579208 1.1427943044634277 1.0673889449779392 1.0062878539122018 1.0395927237336957 0.9172796755947875 0.7603816427393216 1.225271938107639 0.8609335077546371 1.366945573159222 1.109994043614426 1.7346996098620255 1.1144369004759005 1.290693657060857 1.6608412311359935 1.225271938107639 1.1247130028780565 1.3495101651897303 1.0264968452943712 1.3026567650005354 0.911821854356745 1.029911098955192 0.7440866397741187 1.100605207361537 1.057190919166554 0.7730928626785923 0.7177272349280654 0.7903339819762528 1.081790211142127 0.9116190294332124 1.210801600357642 1.137302387996685 1.1312592756198163 1.7817370111381492 1.4658698421753662
0.6116134685316463 0.7498258437743857 0.87370163612141 1.2110625242625297 0.8974180157069557 0.0 1.1408448506758746 1.3078645766529167 1.3489821766362236 0.9367405427180436 0.682502807916121 0.7792858187498775 0.6444586377906503 1.8448599700898172 1.1957373275579168 0.9933745777440744 1.8945198157870962 0.7465464867080455 0.6418821058346528 0.9720264241378576 1.5467083875667613 1.4773340376251274 0.7879508338852739 0.9074194286124603 0.8495270605463172 0.8205528352978587 1.1044850410698512 0.6791357849420477 1.1998059342153602 1.0701952514096096 1.3193035028642504 1.4144443081404883 1.4684879279034868 0.9147434748647477 1.194773645907718 1.3858642812678963 1.2055042182129727 1.1699850285511015 1.0780684802921594 0.4510154633100855 1.362907730490639 1.0225435658594584 0.7226641413050731 0.7520829041941778 0.6691982199320453 0.9200667003290799 0.904730114918773 0.8397684532617098 0.7334649237725607 0.8931292268105139 0.8947610290848474 0.9783849437798077 0.9856264377989028 0.9767772205998037 1.4957378273612811 1.6332980978543856
0.9773236318201148 0.831616811549709 0.913190793057024 1.4121297511231519 1.2780382513818453 1.1408448506758746 0.0 0.88671454236613 1.279092228430921 1.1525229289340553 0.8255670748387798 0.9170599376127814 0.9354596287661731 1.8694048144574185 1.329506378761859 1.3947128520789722 1.4588591147762537 0.8615858987109557 0.8647143143218137 0.9683207735395598 1.6026667940424628 1.0285783222689544 1.6383024760320215 1.0091805542908248 0.9087186684953684 0.8964735285314731 1.3477579920411564 0.9548524891751254 1.2282743373531169 1.3209374117917723 1.458220635599143 1.5715666199381069 1.3588308422176483 0.8616144702300539 1.4171704052731562 1.442704029510473 1.1637026359047797 1.0942639295114147 1.3306056125223957 1.3559651878976593 1.557736763394191 1.3902378073077566 0.9161196245985558 1.1082533372082721 1.241395882109754 1.0947049807504117 1.279269026440541 1.1834458742856555 1.0722658850576978 1.1271510964692364 1.1303218763017453 0.7001509532151602 0.8994997191382476 0.8960869718172175 1.6138658619024169 1.5796378363290686
0.9985801316665823 0.9107946614121593 1.0380239712574335 1.246213400468063 1.2780497374974074 1.3078645766529167 0.88671454236613 0.0 1.5396479076086071 1.380047617064266 0.9509743493319115 1.0419114695372715 0.9760036258418904 1.8961374097437123 1.3247201926484369 1.3562839573037448 1.5874702291366165 0.9721264696514624 0.9808709962867237 0.9927154217646175 1.2841456235035478 1.300425381496188 1.7505235107613935 0.9635922984398961 1.120854625937635 1.071634312991635 1.3366418913085345 0.9925802563540651 1.2230111090417397 1.3249074827069465 1.674057685924374 1.6678514307520704 1.399128917718114 1.0376231148133999 1.312094638598893 1.2696753983928137 1.3447141602732926 1.0550600547894537 1.4281128011608557 1.4588822404846529 1.5658068433873606 1.3992242097149672 1.0373822210820676 1.1107663105758123 1.254680672210193 1.294697210438432 1.2451100972864346 1.1808337244724325 1.1745929274654514 1.211910767453219 1.0544655887785015 0.9516202622526705 0.8629415342391039 1.0552769190314801 1.7398293516432888 1.5829837923277308
1.2268612616231858 1.2836683514041156 1.228344970773696 1.4904702371535812 1.5198434578671667 1.3489821766362236 1.279092228430921 1.5396479076086071 0.0 0.8429298803339463 1.1279678387806276 1.04097855194461 1.3385871697763272 2.2854381923911107 1.7959621503286696 1.6068831122241873 1.8120897000513363 1.2581324335038337 1.2432802689093478 1.488138211900623 1.763960492478803 1.2866139529831258 1.8305708289371232 1.246103508239452 1.0740204828675528 1.2649879949710627 1.7443591877576121 1.2912305676462017 1.2573291247086626 1.7486449866801514 1.6790363034171223 1.8195010235361677 1.4485294746575794 1.2258193778962687 1.91548695395835 1.7412658748708043 1.4588713465740686 1.4263990392124686 1.6029059170470616 1.5570089357506844 1.9962119049677718 1.7259089193744614 1.2915705606220504 1.5048886229661478 1.5075871853806442 1.2626115671252847 1.6833537266072374 1.5886755232210394 1.4367123731680447 1.4951048751267684 1.5076402795308117 1.2230634648426455 1.3603623927666857 1.3121248926998341 1.7198462747268186 2.045095437465138
0.9402336178835276 1.0109780045989893 1.0562925897697821 1.3362302809158173 1.2360795128079225 0.9367405427180436 1.1525229289340553 1.380047617064266 0.8429298803339463 0.0 0.9077420530000053 0.8736851721136002 0.9519597105606349 1.946682805816526 1.3941327525381937 1.1820949559356408 1.8324722495728403 0.9825362388243969 0.9111526333076404 1.218445160738372 1.5731616771132146 1.3113178659099196 1.4094345255520675 1.0629873814920872 0.900790869179331 0.9739375861772188 1.350030399137441 0.9665654953886738 1.1713919458956046 1.354251235749685 1.5036198372724674 1.5799165685682153 1.474959338593797 1.017999126827829 1.5340522567796093 1.5332489271893435 1.3424169744655845 1.2557717985037549 1.3496632576650034 1.0766564960299714 1.4891857476112493 1.2891289535465869 0.9540328719097677 1.0507835139723076 1.1608505169129983 1.0885536181520121 1.244425926232816 1.1789229849151193 1.1051062625961818 1.1401286849262195 1.1229993542899224 0.974958792801025 1.095843237824606 1.1388998992453874 1.5113209153223908 1.7206513695612218
0.5913755831351603 0.5020656144934436 0.5648464937965407 1.1684357778707006 0.8981542201612509 0.682502807916121 0.8255670748387798 0.9509743493319115 1.1279678387806276 0.9077420530000053 0.0 0.6075186413233286 0.5199491873969095 1.7689800819447958 1.1016993799071932 1.0773210701249047 1.6002306268244866 0.4476266408848883 0.43753129457784407 0.8303980571150906 1.4268869385314673 1.1013500178617106 1.2192064187090943 0.7665380445099172 0.6442958723052524 0.5507200673460141 1.0681066423605623 0.46740896871405696 0.9794687085588126 1.0544285377212803 1.250555750389121 1.3747764761940657 1.1606984296662044 0.7043115815752408 1.2356602269325059 1.2730556039561578 0.8671250771386304 0.8793530714154039 1.0864340743893415 0.934694241211183 1.38575904802769 1.1576266704136335 0.7137246623997121 0.7551044318868841 0.8227669143305605 0.691161443683471 0.9378931103034982 0.8143429953622208 0.6762762737356034 0.9424288267527562 0.8253460081050551 0.7180086180217241 0.7507246192254015 0.618751771472921 1.4874272879577548 1.5045013048469047
0.4629414712989357 0.6709966235389752 0.5161008801225809 0.9457783075831604 1.0147675070395892 0.7792858187498775 0.9170599376127814 1.0419114695372715 1.04097855194461 0.8736851721136002 0.6075186413233286 0.0 0.7872985635909079 1.9502828161343788 1.3536429778028256 1.148448119204652 1.6212215493302884 0.5241411242669776 0.6216002230083817 0.8758088683392815 1.310366187828783 0.9688806963791664 1.3641162727038787 0.6061136571659982 0.43851342267481697 0.6854339258065334 1.3350009155513554 0.7833548937149489 0.9864754949702674 1.2960378284231526 1.3142108060102957 1.4267636083038115 1.1473075809995734 0.4557119018785998 1.424618768724318 1.1323886188690024 0.9935474998294099 0.8002713502994947 1.0295225539355997 0.9793219546243214 1.5362322813983187 1.2598287423567214 0.6687058780148062 0.9986831923106919 0.9951516511322425 0.8540715825886801 1.173216391343331 1.1044054786979807 1.0232377862003375 0.9657880582724903 0.9214217283338361 0.7165356472231416 0.763046546061453 0.6800475071069925 1.4048651882863359 1.6477317061175953
0.6319639060188499 0.49733855167796887 0.8362897818630212 1.2136032398237027 0.6981144185195781 0.6444586377906503 0.9354596287661731 0.9760036258418904 1.3385871697763272 0.9519597105606349 0.5199491873969095 0.7872985635909079 0.0 1.4584352165997243 0.7129937819777005 0.775078611010814 1.7815297132153698 0.5672400809967476 0.340518106955305 0.6429931386649871 1.4061003382630024 1.2886492522950324 1.0974542688576114 0.8124562173205373 0.8033291276595713 0.6501252996004601 0.6621092762976968 0.29222005760799213 1.024197234720599 0.6572877174223933 1.2499463413345657 1.1864512988193325 1.4347841311624137 0.8567007435950257 0.9668256552498372 1.40893416522506 1.0635650202323899 0.9604919623802162 1.1302831955716233 0.8665163088335414 1.0512543046141363 0.7782427736202517 0.6675543166630125 0.3149669159822893 0.7401182450854811 0.8182229405223613 0.5100469789589136 0.41843567450700153 0.4719965060307717 0.7842104482791665 0.5856644884911039 0.7612784942278704 0.7439047197494938 0.8232228505874749 1.5974194699424114 1.2097294673898846
1.7863786923870622 1.6900185120548417 1.998110518290901 2.150380076920975 1.6796046170208827 1.8448599700898172 1.8694048144574185 1.8961374097437123 2.2854381923911107 1.946682805816526 1.7689800819447958 1.9502828161343788 1.4584352165997243 0.0 0.9787904873792047 1.5612378284077393 2.600669906969083 1.7358061731590964 1.4948174793921454 1.5639462063875509 2.2080227425203027 2.1461123574335206 1.9079407201339327 1.9174457810284704 1.927347910686565 1.7467865818375903 1.163439339330791 1.4623301482653095 1.9506250399928815 1.1323144817519415 1.7741525435986005 1.729195367237549 2.34684326434856 1.9595380017836035 1.6827455699128209 2.4074240585463205 2.001510301953028 1.9342943392236032 2.181722378407287 1.932331360342789 1.2713037213535707 1.32541084055154 1.824521450867946 1.3612953904428897 1.753049164567181 1.800753000903342 1.2499053848823383 1.3083364625292773 1.5012635761336217 1.761317028240308 1.5968355284643314 1.8222148109723784 1.8169413757049673 1.8889943725202165 2.3924763632454233 0.5520400532620078
1.164828480300622 0.964817010408366 1.4022849819479437 1.614164573323357 0.9958187449585206 1.1957373275579168 1.329506378761859 1.3247201926484369 1.7959621503286696 1.3941327525381937 1.1016993799071932 1.3536429778028256 0.7129937819777005 0.9787904873792047 0.0 0.9636270449724054 2.1423508833443137 1.1031517044742478 0.845398472529119 0.9630900056012974 1.7625125067264724 1.6960004962575954 1.4184748756251178 1.3617897522213929 1.3491298477844615 1.1654997677423014 0.4290327112867725 0.7687821521688161 1.4427209096549594 0.5115094876045491 1.4646539727321046 1.276922851632116 1.8402170304692733 1.3971393278833026 1.1249085238655665 1.877230756962222 1.4657181134406148 1.3574338542187274 1.6518405134280518 1.2962736583096532 0.861652531560105 0.797995314331213 1.217655668764296 0.5806126400809117 1.1477806197388198 1.2578882202348851 0.49369702985321134 0.5154033588505196 0.827468515837239 1.2044172187057642 0.8453214630108389 1.2882632301258474 1.2594501913662222 1.3200709549775578 1.8863144872900024 0.8423855631087649
1.0040722867526988 0.9777515989380401 1.2933967253576868 1.4877975892797604 0.9438615659340002 0.9933745777440744 1.3947128520789722 1.3562839573037448 1.6068831122241873 1.1820949559356408 1.0773210701249047 1.148448119204652 0.775078611010814 1.5612378284077393 0.9636270449724054 0.0 2.063572953237499 1.0459494427712372 0.8918560088961524 1.0803859377172305 1.5856499343441837 1.7114126718396514 1.3363897260904094 1.098030332659277 1.1053398752907306 1.0865076466427432 0.9368658482724774 0.8786728524380857 1.3501543121683042 0.8960482116839443 1.560310193914841 1.16619037896906 1.7783419243778742 1.2478603910516415 1.2043006834069394 1.7686506155823993 1.4688903597235872 1.3184430253216417 1.4189197769195177 1.1349791293194658 1.250850051101304 0.9129992849116279 1.0010146736088545 0.7586540639271305 1.1450711788415646 1.2643731473668336 0.7720979093227398 0.8048408207688651 0.9218985224452251 1.0150440540215027 0.8048789359709407 1.209756524316456 1.1750904621990208 1.2813575467166078 1.8131464364468746 1.4119626347455914
1.7659763646949405 1.6973503436903927 1.616276489041033 1.964529205687714 1.9652192694097788 1.8945198157870962 1.4588591147762537 1.5874702291366165 1.8120897000513363 1.8324722495728403 1.6002306268244866 1.6212215493302884 1.7815297132153698 2.600669906969083 2.1423508833443137 2.063572953237499 0.0 1.6687843626137042 1.7640679368221281 1.897229598975499 1.9226098333849675 1.8156541520895437 2.2132414012032218 1.759378924843489 1.687123019535026 1.7087377155370762 2.138513305922931 1.7643025976374591 1.7940875118009154 2.179615224577169 2.1620320802544497 2.24610774452162 1.6223268611609822 1.6759541229467538 2.288502763371542 1.9243505397925815 1.7940875118009154 1.7143656514223735 2.03100960115899 2.0473419344456834 2.2710966114619837 2.3019291413439564 1.786549484047611 1.9870059900849695 2.0500865033652302 1.8796710524201097 2.12467309566888 2.0157486948800907 1.8873043036707782 2.0312080727692807 1.9563271879933566 1.5334051522499672 1.7529845154673287 1.6807255029792778 2.222048604328897 2.340665249770793
0.4807786798785984 0.5002493800881335 0.36718095571973236 1.077060289532777 0.8994587401638136 0.7465464867080455 0.8615858987109557 0.9721264696514624 1.2581324335038337 0.9825362388243969 0.4476266408848883 0.5241411242669776 0.5672400809967476 1.7358061731590964 1.1031517044742478 1.0459494427712372 1.6687843626137042 0.0 0.3936646922460223 0.72223897639284 1.3117639479690444 0.9424785204124531 1.2308245881242892 0.72539670704538 0.6156538722863826 0.5558426611559872 1.0930564793058153 0.5666929414643239 1.044586466879136 1.043888560471293 1.2860105599290328 1.3361932044224356 1.2103040248731878 0.4795788526973187 1.2118844591489737 1.1235388324205589 0.7544315224526547 0.7679472313513763 0.9023074850906125 0.9599147451035528 1.3636423203140482 1.1088232159146048 0.6832649590266152 0.7706346833815 0.889859323201398 0.7971535473409397 0.9268292615690078 0.8506466334873619 0.8193227729721371 0.9257941510665629 0.7380075710569693 0.6884547262119831 0.6749184018661015 0.38003816676168667 1.592282491590795 1.4449126338405647
0.49957619603691455 0.4647107616007398 0.6647103031719815 1.1400415183774806 0.7712838752201056 0.6418821058346528 0.8647143143218137 0.9808709962867237 1.2432802689093478 0.9111526333076404 0.43753129457784407 0.6216002230083817 0.340518106955305 1.4948174793921454 0.845398472529119 0.8918560088961524 1.7640679368221281 0.3936646922460223 0.0 0.6105553500800269 1.3801637669239544 1.1369119732394193 1.1445946630270283 0.7183303005539766 0.6418155331429868 0.5590184608271491 0.835644117017782 0.31283930095925977 1.00356163834962 0.7640594786291351 1.1232141343954567 1.1812423442203244 1.3095322085792487 0.6860911568688073 1.0691046935260216 1.3330706133995731 0.9538738766987871 0.9059936805773496 1.0838731427576211 0.8632546789127247 1.1752309475311224 0.8625959895275948 0.6534096221897514 0.5098642050504215 0.7641759467826371 0.739349727595907 0.6888367583077861 0.5926046625859581 0.5812496596899079 0.8007026703862677 0.6342673788178839 0.7254458777563993 0.719687415554862 0.6715716569229179 1.5175271741876362 1.2232707368991862
0.7843472424832487 0.7029389118640605 0.9222019887922924 1.183972100109386 0.9778200987295884 0.9720264241378576 0.9683207735395598 0.9927154217646175 1.488138211900623 1.218445160738372 0.8303980571150906 0.8758088683392815 0.6429931386649871 1.5639462063875509 0.9630900056012974 1.0803859377172305 1.897229598975499 0.72223897639284 0.6105553500800269 0.0 1.4172655509508314 1.168794315193539 1.4259185594504529 0.8268051324188217 0.9283581684916516 0.8715520041734787 0.9782784300813537 0.7039065665110118 1.1374417037763311 0.9415151671518235 1.3574621346425324 1.3460577460036995 1.5497465762974414 0.8318206308193808 1.045435903971229 1.3824980301623022 1.2043573091239692 1.0205362143907797 1.1518046988410025 1.167621422874176 1.3254593058555788 1.045828531033577 0.7608570940463859 0.7417462886801545 0.9746963795088603 1.0218288015928447 0.8757550841934586 0.8361955751588767 0.8616766018765776 0.8390958374692548 0.800051839195133 0.7711188113420523 0.7089672966218767 0.8972885125645443 1.722303102626158 1.2244517742379646
1.3051019221327749 1.433133116514801 1.3477050233988552 1.3135624951144989 1.6578451113488075 1.5467083875667613 1.6026667940424628 1.2841456235035478 1.763960492478803 1.5731616771132146 1.4268869385314673 1.310366187828783 1.4061003382630024 2.2080227425203027 1.7625125067264724 1.5856499343441837 1.9226098333849675 1.3117639479690444 1.3801637669239544 1.4172655509508314 0.0 1.6178115729942981 1.8410619024278971 1.106587131817604 1.4616805853075943 1.4325341863325067 1.6955432620797835 1.3757412504741582 1.3935437867947622 1.7349615331306474 1.813140356989668 1.9942775276131597 1.4823699386187765 1.3617262620286108 1.577908716741037 1.4539048406667767 1.6881061521576126 1.4734966725173548 1.4638501094227998 1.6033747775277185 1.929599960890934 1.767026529273748 1.3583071308097412 1.5028064899418603 1.5387561982545614 1.7142857142857144 1.6429708843110862 1.5995537580023809 1.5553836888722963 1.532126120898593 1.4086060321111933 1.3149443386295856 1.183493732206017 1.3743513571103507 2.2139976771184093 1.8853865212435852
1.178543890773415 1.1343487670888996 0.8326792296348108 1.3559037576465374 1.5791411516579208 1.4773340376251274 1.0285783222689544 1.300425381496188 1.2866139529831258 1.3113178659099196 1.1013500178617106 0.9688806963791664 1.2886492522950324 2.1461123574335206 1.6960004962575954 1.7114126718396514 1.8156541520895437 0.9424785204124531 1.1369119732394193 1.168794315193539 1.6178115729942981 0.0 1.95065053251473 1.1647444293916225 1.0599869425323598 1.128436399396525 1.7561482986024421 1.3122644834921573 1.4205104716263095 1.7231947815498831 1.671620785161131 1.887749983445901 1.3311189945973192 0.7377141873532204 1.803445681613564 1.348971830691805 1.0018399739146635 1.1482059307912202 1.3006152390311287 1.68731518275382 1.861822918673757 1.7411273024671203 1.2375842892119602 1.469775685547825 1.5173647708283151 1.27941632100305 1.6599696096932222 1.5961258057592904 1.542904058224078 1.5032030300785038 1.4138879815518384 0.9732225491517934 1.0916578555712348 0.8051136415532393 1.838232847057195 1.8171196936294793
1.18961859729276 1.2919223462733207 1.375281002634893 1.6321956071500745 1.1427943044634277 0.7879508338852739 1.6383024760320215 1.7505235107613935 1.8305708289371232 1.4094345255520675 1.2192064187090943 1.3641162727038787 1.0974542688576114 1.9079407201339327 1.4184748756251178 1.3363897260904094 2.2132414012032218 1.2308245881242892 1.1445946630270283 1.4259185594504529 1.8410619024278971 1.95065053251473 0.0 1.427698446812066 1.4333109943673754 1.3619575726523994 1.2923742033088286 1.1256176568971628 1.5637495003996005 1.2837233066186677 1.5126460239683177 1.6973324659594538 1.878931064314081 1.416483811728496 1.4886368062144393 1.7655558614781919 1.545322242554391 1.5344486114961016 1.4614846903064023 0.8379611264736384 1.5196359791312835 1.2568145104306319 1.3027002549702758 1.112843811776688 1.0511748864335144 1.421578868579523 1.1576692969561915 1.1292181557240195 1.0425997921971972 1.410826799955707 1.3518976480090943 1.5150715949650109 1.4693169200237994 1.4254507136283256 1.8936571759428895 1.7651775764654158
0.6741448933494968 0.8557717495335248 0.7641256618081552 1.0755055918527383 1.0673889449779392 0.9074194286124603 1.0091805542908248 0.9635922984398961 1.246103508239452 1.0629873814920872 0.7665380445099172 0.6061136571659982 0.8124562173205373 1.9174457810284704 1.3617897522213929 1.098030332659277 1.759378924843489 0.72539670704538 0.7183303005539766 0.8268051324188217 1.106587131817604 1.1647444293916225 1.427698446812066 0.0 0.7041005327696567 0.8163640780520812 1.2914344817515133 0.7985859844538554 0.9414242326384087 1.2485924524049163 1.3443177004064095 1.4557679605725584 1.3390533125432327 0.7486778176810809 1.1970521393896512 1.2833927276913815 1.149859566075898 1.0554663625647889 1.0521181790663507 1.136711790851481 1.5826141810786236 1.2588038540210655 0.6384271151997153 0.9809357877018495 0.9921465845903958 1.0301794863915037 1.157381523244424 1.0952266013332963 0.9534771448346036 0.8373777645458526 0.9555181228265857 0.7047493154541806 0.6305385728578674 0.8351325903434402 1.6199568991271296 1.594866078518501
0.6471346134956888 0.7459766389524988 0.6895225693861047 1.2499506910689744 1.0062878539122018 0.8495270605463172 0.9087186684953684 1.120854625937635 1.0740204828675528 0.900790869179331 0.6442958723052524 0.43851342267481697 0.8033291276595713 1.927347910686565 1.3491298477844615 1.1053398752907306 1.687123019535026 0.6156538722863826 0.6418155331429868 0.9283581684916516 1.4616805853075943 1.0599869425323598 1.4333109943673754 0.7041005327696567 0.0 0.6477113617049373 1.3016270919860187 0.788348806244076 0.9887538030495674 1.2246279688308974 1.2553866166501455 1.2277077974771353 1.2668066607516404 0.6388335198246243 1.3923616620012518 1.2979996921001336 1.105661351509337 0.9081511342590872 1.0376310522975116 1.0712183019903234 1.5642828991182578 1.200168943800995 0.6949914985346501 0.99931850134689 1.0297982467773694 0.7714230790159833 1.151651523368734 1.0737932754291435 0.9900855229940381 0.8559234636311962 0.931264409446088 0.7294549912525251 0.8136007053271009 0.8241339875457883 1.47430999637048 1.6389624546533035
0.6199589151121051 0.69088917768649 0.6693322258099343 1.2741293545966588 1.0395927237336957 0.8205528352978587 0.8964735285314731 1.071634312991635 1.2649879949710627 0.9739375861772188 0.5507200673460141 0.6854339258065334 0.6501252996004601 1.7467865818375903 1.1654997677423014 1.0865076466427432 1.7087377155370762 0.5558426611559872 0.5590184608271491 0.8715520041734787 1.4325341863325067 1.128436399396525 1.3619575726523994 0.8163640780520812 0.6477113617049373 0.0 1.1392205395642798 0.6076594206351956 1.0739718492026773 1.0770009418499682 1.3267980426980333 1.3101037676787926 1.2630834567019331 0.7608707268902838 1.2463097455526095 1.2051035888519896 1.0778138654920963 0.8891863410410147 1.0155257342907675 1.0317338850360862 1.4245976477763418 1.1023827865833045 0.712093425479385 0.8167297660150986 0.9627015358409943 0.6784669927988098 0.9706108893536747 0.8828465510948763 0.8156348442493545 0.8994397168197472 0.837164014793939 0.7127342971401395 0.7862708931721412 0.7603687785349731 1.6079363120700612 1.4686941976839152
1.1460552687517829 0.979606485862955 1.3998028715415773 1.6309752131789064 0.9172796755947875 1.1044850410698512 1.3477579920411564 1.3366418913085345 1.7443591877576121 1.350030399137441 1.0681066423605623 1.3350009155513554 0.6621092762976968 1.163439339330791 0.4290327112867725 0.9368658482724774 2.138513305922931 1.0930564793058153 0.835644117017782 0.9782784300813537 1.6955432620797835 1.7561482986024421 1.2923742033088286 1.2914344817515133 1.3016270919860187 1.1392205395642798 0.0 0.6927939254486302 1.3180069122860896 0.3847982014837313 1.3876013283113846 1.2153529104850114 1.8511723131172992 1.4115968261223597 1.018887756186423 1.864683466896799 1.497838366398164 1.3712799574299603 1.5357223841704188 1.2178815669395735 0.9460185927084157 0.7486634320854744 1.1556970952237993 0.5196375580909843 1.0909442960757434 1.2066539263584257 0.39677680566482265 0.37408831905076945 0.659753049521745 1.107351976040951 0.8331481598360593 1.2701240920480394 1.2076355459487007 1.3278721342754678 1.9534613557613472 1.0318166594771236
0.6249216637166236 0.5273413610415802 0.8317679171775503 1.2222687845198708 0.7603816427393216 0.6791357849420477 0.9548524891751254 0.9925802563540651 1.2912305676462017 0.9665654953886738 0.46740896871405696 0.7833548937149489 0.29222005760799213 1.4623301482653095 0.7687821521688161 0.8786728524380857 1.7643025976374591 0.5666929414643239 0.31283930095925977 0.7039065665110118 1.3757412504741582 1.3122644834921573 1.1256176568971628 0.7985859844538554 0.788348806244076 0.6076594206351956 0.6927939254486302 0.0 0.9854179518109141 0.6891130815757471 1.1652822860526957 1.187716562473755 1.3351025421851124 0.913420941426791 1.007410374983314 1.4164376558022145 1.088444454461913 0.9959035162261808 1.1703590902865382 0.8770102247840812 1.141323888653189 0.8787344013911199 0.734056238570678 0.44107508177020616 0.7351744884073134 0.7946018107300528 0.6019178106354136 0.46697083831481373 0.46643920185352117 0.8464101548058849 0.6389905913847669 0.8058974424936582 0.7974869874118452 0.8331057259351388 1.5749591150788076 1.2117006102341783
1.0874709077518403 1.1427445954816369 1.1331356268048998 1.4737282653189494 1.225271938107639 1.1998059342153602 1.2282743373531169 1.2230111090417397 1.2573291247086626 1.1713919458956046 0.9794687085588126 0.9864754949702674 1.024197234720599 1.9506250399928815 1.4427209096549594 1.3501543121683042 1.7940875118009154 1.044586466879136 1.00356163834962 1.1374417037763311 1.3935437867947622 1.4205104716263095 1.5637495003996005 0.9414242326384087 0.9887538030495674 1.0739718492026773 1.3180069122860896 0.9854179518109141 0.0 1.3418856624522744 1.5220853547552757 1.5252049042669644 1.4707802162268993 1.1576148851074013 1.4822504263890806 1.6441183047457382 1.4105259066508966 1.2125591065085692 1.3624426593438712 1.4111135140310183 1.6579063990822624 1.3951368540526645 1.0247165181998945 1.2109430635422178 1.3553766442398456 1.0823844614779812 1.2670186018855527 1.2083109934161385 1.0165790777799357 1.0756654846573335 1.2785858813375341 0.9917373137117933 0.980975442901775 1.1574822643608684 1.9121323175972944 1.6390599390507206
1.0816784185475066 0.9603738791154303 1.3574862062328623 1.648239422044164 0.8609335077546371 1.0701952514096096 1.3209374117917723 1.3249074827069465 1.7486449866801514 1.354251235749685 1.0544285377212803 1.2960378284231526 0.6572877174223933 1.1323144817519415 0.5115094876045491 0.8960482116839443 2.179615224577169 1.043888560471293 0.7640594786291351 0.9415151671518235 1.7349615331306474 1.7231947815498831 1.2837233066186677 1.2485924524049163 1.2246279688308974 1.0770009418499682 0.3847982014837313 0.6891130815757471 1.3418856624522744 0.0 1.2837575036951772 1.041363061790266 1.8712631072076487 1.3518144281613376 1.0361191586721414 1.826815699231168 1.4631933942144344 1.3394402366980291 1.5039600793680155 1.196707962005839 0.9342466915354977 0.5794418304445458 1.1207220573748664 0.49764873205619736 1.0588621658616892 1.1299021523445327 0.35058736687209835 0.3657501253045028 0.6619847045409556 1.029544833146679 0.8405639014621461 1.2472604296730414 1.1913785333464342 1.294558231358593 1.9207177714081007 1.008966393960107
1.3233407504346886 1.3559048019640703 1.442459608988682 1.8140292612011055 1.366945573159222 1.3193035028642504 1.458220635599143 1.674057685924374 1.6790363034171223 1.5036198372724674 1.250555750389121 1.3142108060102957 1.2499463413345657 1.7741525435986005 1.4646539727321046 1.560310193914841 2.1620320802544497 1.2860105599290328 1.1232141343954567 1.3574621346425324 1.813140356989668 1.671620785161131 1.5126460239683177 1.3443177004064095 1.2553866166501455 1.3267980426980333 1.3876013283113846 1.1652822860526957 1.5220853547552757 1.2837575036951772 0.0 1.371310988492579 1.7322735364076518 1.3975710852302305 1.6603811939571769 2.0247789850429614 1.5868625384857324 1.5208311057843313 1.6814162167135063 1.4308613705068647 1.598689309462117 1.4528789994499587 1.418953345499983 1.3038010758519551 1.4025357993204348 1.3203258185273024 1.406204248544522 1.3313271039159218 1.2529482850777354 1.4331196524303276 1.4630405569977432 1.4066646828535865 1.4246472229292027 1.4433703322418152 1.8747427807107728 1.575298329314556
1.3296367490023435 1.310935307601125 1.5612214191161276 1.979109648301478 1.109994043614426 1.4144443081404883 1.5715666199381069 1.6678514307520704 1.8195010235361677 1.5799165685682153 1.3747764761940657 1.4267636083038115 1.1864512988193325 1.729195367237549 1.276922851632116 1.16619037896906 2.24610774452162 1.3361932044224356 1.1812423442203244 1.3460577460036995 1.9942775276131597 1.887749983445901 1.6973324659594538 1.4557679605725584 1.2277077974771353 1.3101037676787926 1.2153529104850114 1.187716562473755 1.5252049042669644 1.041363061790266 1.371310988492579 0.0 2.0721030647897587 1.52833969464325 1.6091574674661397 2.073191983391794 1.634650829178309 1.4885791106269903 1.7549928774784247 1.5102074836255501 1.599262868747977 1.1220490411912891 1.3205058890958534 1.177962558703873 1.5767339551737711 1.2926795458129852 1.1236557956066124 1.132223720501432 1.1792140828697355 1.1676597045812482 1.2337812068928569 1.4478713205760882 1.4205473281338517 1.5602151153144452 1.9767397400770796 1.5688481229722315
1.3424704144190478 1.2676412208807397 1.1275016783376746 1.4690085469836829 1.7346996098620255 1.4684879279034868 1.3588308422176483 1.399128917718114 1.4485294746575794 1.474959338593797 1.1606984296662044 1.1473075809995734 1.4347841311624137 2.34684326434856 1.8402170304692733 1.7783419243778742 1.6223268611609822 1.2103040248731878 1.3095322085792487 1.5497465762974414 1.4823699386187765 1.3311189945973192 1.878931064314081 1.3390533125432327 1.2668066607516404 1.2630834567019331 1.8511723131172992 1.3351025421851124 1.4707802162268993 1.8712631072076487 1.7322735364076518 2.0721030647897587 0.0 1.2336441049904863 1.933452084084642 1.4000248013676202 1.480193305694301 1.3717142894303334 1.6146034944977807 1.5896492737497967 2.0625493878509342 1.9225831821229376 1.5125643094483403 1.6116917150625851 1.4873634714207815 1.515275582428143 1.791525444013755 1.688549350708691 1.6005799197146235 1.770150767431077 1.5527121101129313 1.3608326675168163 1.4503612669129433 1.2137156523932506 1.7756063127218764 2.063041076158619
0.6180480395948326 0.7083828252089073 0.424603492195309 1.0003485503674316 1.1144369004759005 0.9147434748647477 0.8616144702300539 1.0376231148133999 1.2258193778962687 1.017999126827829 0.7043115815752408 0.4557119018785998 0.8567007435950257 1.9595380017836035 1.3971393278833026 1.2478603910516415 1.6759541229467538 0.4795788526973187 0.6860911568688073 0.8318206308193808 1.3617262620286108 0.7377141873532204 1.416483811728496 0.7486778176810809 0.6388335198246243 0.7608707268902838 1.4115968261223597 0.913420941426791 1.1576148851074013 1.3518144281613376 1.3975710852302305 1.52833969464325 1.2336441049904863 0.0 1.4598990428860146 1.0607924186925337 0.8474242017890319 0.8244331330176291 0.9756137669294249 1.1238239356633484 1.5611972846028292 1.327126928919617 0.745815121797412 1.0534827820754369 1.0893920014017844 0.9883053132965791 1.2425300512763449 1.1839670176411323 1.1219330894360182 1.0592992003693444 0.9697547388987061 0.7122731711558811 0.7315123150185379 0.5040449929991033 1.535574449152137 1.6561883233860657
1.214676303595507 1.1206163844536856 1.4387733626923218 1.6632085723390317 1.290693657060857 1.194773645907718 1.4171704052731562 1.312094638598893 1.91548695395835 1.5340522567796093 1.2356602269325059 1.424618768724318 0.9668256552498372 1.6827455699128209 1.1249085238655665 1.2043006834069394 2.288502763371542 1.2118844591489737 1.0691046935260216 1.045435903971229 1.577908716741037 1.803445681613564 1.4886368062144393 1.1970521393896512 1.3923616620012518 1.2463097455526095 1.018887756186423 1.007410374983314 1.4822504263890806 1.0361191586721414 1.6603811939571769 1.6091574674661397 1.933452084084642 1.4598990428860146 0.0 1.796130335937086 1.6896166493523634 1.6048816573463267 1.292047891953716 1.276100985984945 1.3485525960482183 1.1355372864260862 1.0240142996138397 0.9221802321840952 1.0636146105745707 1.3923991921155663 0.9645767684411496 0.958012974287561 1.0255198084970105 0.9455588706194611 1.0736884227292534 1.2250159880564175 1.0459366105128896 1.3968745011832981 1.930884855844753 1.4286424472664256
1.1303819840001281 1.2816527718238533 1.0084324800884648 1.1858541225631423 1.6608412311359935 1.3858642812678963 1.442704029510473 1.2696753983928137 1.7412658748708043 1.5332489271893435 1.2730556039561578 1.1323886188690024 1.40893416522506 2.4074240585463205 1.877230756962222 1.7686506155823993 1.9243505397925815 1.1235388324205589 1.3330706133995731 1.3824980301623022 1.4539048406667767 1.348971830691805 1.7655558614781919 1.2833927276913815 1.2979996921001336 1.2051035888519896 1.864683466896799 1.4164376558022145 1.6441183047457382 1.826815699231168 2.0247789850429614 2.073191983391794 1.4000248013676202 1.0607924186925337 1.796130335937086 0.0 1.47725815843632 1.1206297115520465 1.1739356881873895 1.4819597109149378 2.006905948284765 1.7359811861726118 1.2988592001219694 1.5302340710153581 1.380572226028134 1.5013811668471353 1.6679924066661969 1.64227105173631 1.6548395275941015 1.5553440678220771 1.4109809999682734 1.290361687289137 1.2132706447508612 1.1593594865761383 1.9724667297574374 2.117068741071584
1.0390428387035624 0.9980104132575848 0.663658096451068 1.382555001919755 1.225271938107639 1.2055042182129727 1.1637026359047797 1.3447141602732926 1.4588713465740686 1.3424169744655845 0.8671250771386304 0.9935474998294099 1.0635650202323899 2.001510301953028 1.4657181134406148 1.4688903597235872 1.7940875118009154 0.7544315224526547 0.9538738766987871 1.2043573091239692 1.6881061521576126 1.0018399739146635 1.545322242554391 1.149859566075898 1.105661351509337 1.0778138654920963 1.497838366398164 1.088444454461913 1.4105259066508966 1.4631933942144344 1.5868625384857324 1.634650829178309 1.480193305694301 0.8474242017890319 1.6896166493523634 1.47725815843632 0.0 1.0347358960892616 1.2853339384507567 1.4080706367609614 1.683734881722012 1.5310709191168852 1.160203031565881 1.2369829765342524 1.3711083125025574 1.0782520813893233 1.3580390468377523 1.300576815797325 1.2099285605666519 1.4077824110459358 1.2841480607471207 1.0902619430836284 1.087932260464831 0.5307578632272407 1.8171635406130437 1.7520385134829388
